-9999.0 0, 0, 0
-2.15 0, 0, 25
-0.95 25, 0, 51
0.25 51, 0, 102
1.45 89, 0, 127
2.65 107, 0, 153
3.85 122, 17, 178
5.05 127, 0, 216
6.25 127, 0, 255
7.45 107, 20, 255
8.65 91, 40, 255
9.85 63, 63, 255
11.05 25, 102, 255
12.25 0, 127, 255
13.45 0, 153, 255
14.65 0, 178, 255
16.85 0, 204, 255
18.05 0, 229, 255
19.25 0, 255, 255
20.45 0, 255, 127
21.65 127, 255, 0
22.85 217, 255, 0
24.05 255, 255, 0
25.25 255, 245, 0
26.45 255, 217, 0
27.65 255, 176, 0
28.85 255, 127, 0
30.05 255, 78, 0
31.25 255, 37, 0
32.45 255, 9, 0
33.65 255, 0, 0
34.85 255, 0, 255